[[1. 1. 1.]
 [1. 1. 1.]
 [1. 1. 1.]] [[1. 1. 1.]
 [1. 1. 1.]
 [1. 1. 1.]] [[1. 1. 1.]
 [1. 1. 1.]
 [1. 1. 1.]] [[1. 1. 1.]
 [1. 1. 1.]
 [1. 1. 1.]] [[1. 1. 1.]
 [1. 1. 1.]
 [1. 1. 1.]] [[1. 1. 1.]
 [1. 1. 1.]
 [1. 1. 1.]] [[1. 1. 1.]
 [1. 1. 1.]
 [1. 1. 1.]] [[1. 1. 1.]
 [1. 1. 1.]
 [1. 1. 1.]] [[1. 1. 1.]
 [1. 1. 1.]
 [1. 1. 1.]] [[1. 1. 1.]
 [1. 1. 1.]
 [1. 1. 1.]] [[1. 1. 1.]
 [1. 1. 1.]
 [1. 1. 1.]] [[1. 1. 1.]
 [1. 1. 1.]
 [1. 1. 1.]] [[1. 1. 1.]
 [1. 1. 1.]
 [1. 1. 1.]] [[1. 1. 1.]
 [1. 1. 1.]
 [1. 1. 1.]] [[1. 1. 1.]
 [1. 1. 1.]
 [1. 1. 1.]] [[1. 1. 1.]
 [1. 1. 1.]
 [1. 1. 1.]] [[1. 1. 1.]
 [1. 1. 1.]
 [1. 1. 1.]] [[1. 1. 1.]
 [1. 1. 1.]
 [1. 1. 1.]] [[1. 1. 1.]
 [1. 1. 1.]
 [1. 1. 1.]] [[1. 1. 1.]
 [1. 1. 1.]
 [1. 1. 1.]] [[1. 1. 1.]
 [1. 1. 1.]
 [1. 1. 1.]] [[1. 1. 1.]
 [1. 1. 1.]
 [1. 1. 1.]] [[1. 1. 1.]
 [1. 1. 1.]
 [1. 1. 1.]] [[1. 1. 1.]
 [1. 1. 1.]
 [1. 1. 1.]] [[1. 1. 1.]
 [1. 1. 1.]
 [1. 1. 1.]] [[1. 1. 1.]
 [1. 1. 1.]
 [1. 1. 1.]] [[1. 1. 1.]
 [1. 1. 1.]
 [1. 1. 1.]] [[1. 1. 1.]
 [1. 1. 1.]
 [1. 1. 1.]] [[1. 1. 1.]
 [1. 1. 1.]
 [1. 1. 1.]] [[1. 1. 1.]
 [1. 1. 1.]
 [1. 1. 1.]] [[1. 1. 1.]
 [1. 1. 1.]
 [1. 1. 1.]] [[1. 1. 1.]
 [1. 1. 1.]
 [1. 1. 1.]] [[1. 1. 1.]
 [1. 1. 1.]
 [1. 1. 1.]] [[1. 1. 1.]
 [1. 1. 1.]
 [1. 1. 1.]] [[1. 1. 1.]
 [1. 1. 1.]
 [1. 1. 1.]] [[1. 1. 1.]
 [1. 1. 1.]
 [1. 1. 1.]] [[1. 1. 1.]
 [1. 1. 1.]
 [1. 1. 1.]] [[1. 1. 1.]
 [1. 1. 1.]
 [1. 1. 1.]] [[1. 1. 1.]
 [1. 1. 1.]
 [1. 1. 1.]] [[1. 1. 1.]
 [1. 1. 1.]
 [1. 1. 1.]] [[1. 1. 1.]
 [1. 1. 1.]
 [1. 1. 1.]] [[1. 1. 1.]
 [1. 1. 1.]
 [1. 1. 1.]] [[1. 1. 1.]
 [1. 1. 1.]
 [1. 1. 1.]] [[1. 1. 1.]
 [1. 1. 1.]
 [1. 1. 1.]] [[1. 1. 1.]
 [1. 1. 1.]
 [1. 1. 1.]] [[1. 1. 1.]
 [1. 1. 1.]
 [1. 1. 1.]] [[1. 1. 1.]
 [1. 1. 1.]
 [1. 1. 1.]] [[1. 1. 1.]
 [1. 1. 1.]
 [1. 1. 1.]] [[1. 1. 1.]
 [1. 1. 1.]
 [1. 1. 1.]] [[1. 1. 1.]
 [1. 1. 1.]
 [1. 1. 1.]] [[1. 1. 1.]
 [1. 1. 1.]
 [1. 1. 1.]] [[1. 1. 1.]
 [1. 1. 1.]
 [1. 1. 1.]] [[0.99998286 0.99998286 0.99998286]
 [1.         1.         1.        ]
 [1.         1.         1.        ]] [[0.99996641 0.99996641 0.99996641]
 [1.         1.         1.        ]
 [1.         1.         1.        ]] [[0.99994832 0.99994832 0.99994832]
 [1.         1.         1.        ]
 [1.         1.         1.        ]] [[0.99993184 0.99993184 0.99993184]
 [1.         1.         1.        ]
 [1.         1.         1.        ]] [[0.99991377 0.99991377 0.99991377]
 [1.         1.         1.        ]
 [1.         1.         1.        ]] [[0.99989728 0.99989728 0.99989728]
 [1.         1.         1.        ]
 [1.         1.         1.        ]] [[0.99987922 0.99987922 0.99987922]
 [1.         1.         1.        ]
 [1.         1.         1.        ]] [[0.99986272 0.99986272 0.99986272]
 [1.         1.         1.        ]
 [1.         1.         1.        ]] [[0.99984467 0.99984467 0.99984467]
 [1.         1.         1.        ]
 [1.         1.         1.        ]] [[0.99982815 0.99982815 0.99982815]
 [1.         1.         1.        ]
 [1.         1.         1.        ]] [[0.99981012 0.99981012 0.99981012]
 [1.         1.         1.        ]
 [1.         1.         1.        ]] [[0.99979359 0.99979359 0.99979359]
 [1.         1.         1.        ]
 [1.         1.         1.        ]] [[0.99977557 0.99977557 0.99977557]
 [1.         1.         1.        ]
 [1.         1.         1.        ]] [[0.99975903 0.99975903 0.99975903]
 [1.         1.         1.        ]
 [1.         1.         1.        ]] [[0.99974102 0.99974102 0.99974102]
 [1.         1.         1.        ]
 [1.         1.         1.        ]] [[0.99972447 0.99972447 0.99972447]
 [1.         1.         1.        ]
 [1.         1.         1.        ]] [[0.99970647 0.99970647 0.99970647]
 [1.         1.         1.        ]
 [1.         1.         1.        ]] [[0.9996899 0.9996899 0.9996899]
 [1.        1.        1.       ]
 [1.        1.        1.       ]] [[0.99967192 0.99967192 0.99967192]
 [1.         1.         1.        ]
 [1.         1.         1.        ]] [[0.99965534 0.99965534 0.99965534]
 [1.         1.         1.        ]
 [1.         1.         1.        ]] [[0.99963737 0.99963737 0.99963737]
 [1.         1.         1.        ]
 [1.         1.         1.        ]] [[0.99962078 0.99962078 0.99962078]
 [1.         1.         1.        ]
 [1.         1.         1.        ]] [[0.99960282 0.99960282 0.99960282]
 [1.         1.         1.        ]
 [1.         1.         1.        ]] [[0.99958622 0.99958622 0.99958622]
 [1.         1.         1.        ]
 [1.         1.         1.        ]] [[0.99956827 0.99956827 0.99956827]
 [1.         1.         1.        ]
 [1.         1.         1.        ]] [[0.99955165 0.99955165 0.99955165]
 [1.         1.         1.        ]
 [1.         1.         1.        ]] [[0.99953372 0.99953372 0.99953372]
 [1.         1.         1.        ]
 [1.         1.         1.        ]] [[0.99951709 0.99951709 0.99951709]
 [1.         1.         1.        ]
 [1.         1.         1.        ]] [[0.99949917 0.99949917 0.99949917]
 [1.         1.         1.        ]
 [1.         1.         1.        ]] [[0.99948253 0.99948253 0.99948253]
 [1.         1.         1.        ]
 [1.         1.         1.        ]] [[0.99946462 0.99946462 0.99946462]
 [1.         1.         1.        ]
 [1.         1.         1.        ]] [[0.99944797 0.99944797 0.99944797]
 [1.         1.         1.        ]
 [1.         1.         1.        ]] [[0.99943007 0.99943007 0.99943007]
 [1.         1.         1.        ]
 [1.         1.         1.        ]] [[0.9994134 0.9994134 0.9994134]
 [1.        1.        1.       ]
 [1.        1.        1.       ]] [[0.99939552 0.99939552 0.99939552]
 [1.         1.         1.        ]
 [1.         1.         1.        ]] [[0.99937884 0.99937884 0.99937884]
 [1.         1.         1.        ]
 [1.         1.         1.        ]] [[0.99936096 0.99936096 0.99936096]
 [1.         1.         1.        ]
 [1.         1.         1.        ]] [[0.99934428 0.99934428 0.99934428]
 [1.         1.         1.        ]
 [1.         1.         1.        ]] [[0.99932641 0.99932641 0.99932641]
 [1.         1.         1.        ]
 [1.         1.         1.        ]] [[0.99930971 0.99930971 0.99930971]
 [1.         1.         1.        ]
 [1.         1.         1.        ]] [[0.99929186 0.99929186 0.99929186]
 [1.         1.         1.        ]
 [1.         1.         1.        ]] [[0.99927515 0.99927515 0.99927515]
 [1.         1.         1.        ]
 [1.         1.         1.        ]] [[0.99925731 0.99925731 0.99925731]
 [1.         1.         1.        ]
 [1.         1.         1.        ]] [[0.99924059 0.99924059 0.99924059]
 [1.         1.         1.        ]
 [1.         1.         1.        ]] [[0.99922275 0.99922275 0.99922275]
 [1.         1.         1.        ]
 [1.         1.         1.        ]] [[0.99920603 0.99920603 0.99920603]
 [1.         1.         1.        ]
 [1.         1.         1.        ]] [[0.9991882 0.9991882 0.9991882]
 [1.        1.        1.       ]
 [1.        1.        1.       ]] [[0.99917146 0.99917146 0.99917146]
 [1.         1.         1.        ]
 [1.         1.         1.        ]]
