Step 0
Iteration 0, source: [0.01913418 0.01913418 0.01913418 0.         0.         0.         0.         0.         0.        ]
Step 1
Iteration 0, source: [0.01913418 0.01913418 0.01913418 0.         0.         0.         0.         0.         0.        ]
Step 2
Iteration 0, source: [0.01913418 0.01913418 0.01913418 0.         0.         0.         0.         0.         0.        ]
Step 3
Iteration 0, source: [0.01913418 0.01913418 0.01913418 0.         0.         0.         0.         0.         0.        ]
Step 4
Iteration 0, source: [0.01913418 0.01913418 0.01913418 0.         0.         0.         0.         0.         0.        ]
Step 5
Iteration 0, source: [0.01913418 0.01913418 0.01913418 0.         0.         0.         0.         0.         0.        ]
Step 6
Iteration 0, source: [0.01913418 0.01913418 0.01913418 0.         0.         0.         0.         0.         0.        ]
Step 7
Iteration 0, source: [0.01913418 0.01913418 0.01913418 0.         0.         0.         0.         0.         0.        ]
Step 8
Iteration 0, source: [0.01913418 0.01913418 0.01913418 0.         0.         0.         0.         0.         0.        ]
Step 9
Iteration 0, source: [0.01913418 0.01913418 0.01913418 0.         0.         0.         0.         0.         0.        ]
Step 10
Iteration 0, source: [0.01913418 0.01913418 0.01913418 0.         0.         0.         0.         0.         0.        ]
Step 11
Iteration 0, source: [0.01913418 0.01913418 0.01913418 0.         0.         0.         0.         0.         0.        ]
Step 12
Iteration 0, source: [0.01913418 0.01913418 0.01913418 0.         0.         0.         0.         0.         0.        ]
Step 13
Iteration 0, source: [0.01913418 0.01913418 0.01913418 0.         0.         0.         0.         0.         0.        ]
Step 14
Iteration 0, source: [0.01913418 0.01913418 0.01913418 0.         0.         0.         0.         0.         0.        ]
Step 15
Iteration 0, source: [0.01913418 0.01913418 0.01913418 0.         0.         0.         0.         0.         0.        ]
Step 16
Iteration 0, source: [0.01913418 0.01913418 0.01913418 0.         0.         0.         0.         0.         0.        ]
Step 17
Iteration 0, source: [0.01913418 0.01913418 0.01913418 0.         0.         0.         0.         0.         0.        ]
Step 18
Iteration 0, source: [0.01913418 0.01913418 0.01913418 0.         0.         0.         0.         0.         0.        ]
Step 19
Iteration 0, source: [0.01913418 0.01913418 0.01913418 0.         0.         0.         0.         0.         0.        ]
Step 20
Iteration 0, source: [0.01913418 0.01913418 0.01913418 0.         0.         0.         0.         0.         0.        ]
Step 21
Iteration 0, source: [0.01913418 0.01913418 0.01913418 0.         0.         0.         0.         0.         0.        ]
Step 22
Iteration 0, source: [0.01913418 0.01913418 0.01913418 0.         0.         0.         0.         0.         0.        ]
Step 23
Iteration 0, source: [0.01913418 0.01913418 0.01913418 0.         0.         0.         0.         0.         0.        ]
Step 24
Iteration 0, source: [0.01913418 0.01913418 0.01913418 0.         0.         0.         0.         0.         0.        ]
Step 25
Iteration 0, source: [0.01913418 0.01913418 0.01913418 0.         0.         0.         0.         0.         0.        ]
Step 26
Iteration 0, source: [0.01913418 0.01913418 0.01913418 0.         0.         0.         0.         0.         0.        ]
Step 27
Iteration 0, source: [0.01913418 0.01913418 0.01913418 0.         0.         0.         0.         0.         0.        ]
Step 28
Iteration 0, source: [0.01913418 0.01913418 0.01913418 0.         0.         0.         0.         0.         0.        ]
Step 29
Iteration 0, source: [0.01913418 0.01913418 0.01913418 0.         0.         0.         0.         0.         0.        ]
Step 30
Iteration 0, source: [0.01913418 0.01913418 0.01913418 0.         0.         0.         0.         0.         0.        ]
Step 31
Iteration 0, source: [0.01913418 0.01913418 0.01913418 0.         0.         0.         0.         0.         0.        ]
Step 32
Iteration 0, source: [0.01913418 0.01913418 0.01913418 0.         0.         0.         0.         0.         0.        ]
Step 33
Iteration 0, source: [0.01913418 0.01913418 0.01913418 0.         0.         0.         0.         0.         0.        ]
Step 34
Iteration 0, source: [0.01913418 0.01913418 0.01913418 0.         0.         0.         0.         0.         0.        ]
Step 35
Iteration 0, source: [0.01913418 0.01913418 0.01913418 0.         0.         0.         0.         0.         0.        ]
Step 36
Iteration 0, source: [0.01913418 0.01913418 0.01913418 0.         0.         0.         0.         0.         0.        ]
Step 37
Iteration 0, source: [0.01913418 0.01913418 0.01913418 0.         0.         0.         0.         0.         0.        ]
Step 38
Iteration 0, source: [0.01913418 0.01913418 0.01913418 0.         0.         0.         0.         0.         0.        ]
Step 39
Iteration 0, source: [0.01913418 0.01913418 0.01913418 0.         0.         0.         0.         0.         0.        ]
Step 40
Iteration 0, source: [0.01913418 0.01913418 0.01913418 0.         0.         0.         0.         0.         0.        ]
Step 41
Iteration 0, source: [0.01913418 0.01913418 0.01913418 0.         0.         0.         0.         0.         0.        ]
Step 42
Iteration 0, source: [0.01913418 0.01913418 0.01913418 0.         0.         0.         0.         0.         0.        ]
Step 43
Iteration 0, source: [0.01913418 0.01913418 0.01913418 0.         0.         0.         0.         0.         0.        ]
Step 44
Iteration 0, source: [0.01913418 0.01913418 0.01913418 0.         0.         0.         0.         0.         0.        ]
Step 45
Iteration 0, source: [0.01913418 0.01913418 0.01913418 0.         0.         0.         0.         0.         0.        ]
Step 46
Iteration 0, source: [0.01913418 0.01913418 0.01913418 0.         0.         0.         0.         0.         0.        ]
Step 47
Iteration 0, source: [0.01913418 0.01913418 0.01913418 0.         0.         0.         0.         0.         0.        ]
Step 48
Iteration 0, source: [0.01913418 0.01913418 0.01913418 0.         0.         0.         0.         0.         0.        ]
Step 49
Iteration 0, source: [0.01913418 0.01913418 0.01913418 0.         0.         0.         0.         0.         0.        ]
Step 50
Iteration 0, source: [0.01913418 0.01913418 0.01913418 0.         0.         0.         0.         0.         0.        ]
Step 51
Iteration 0, source: [0.01913418 0.01913418 0.01913418 0.         0.         0.         0.         0.         0.        ]
Step 52
Iteration 0, source: [0.01913418 0.01913418 0.01913418 0.         0.         0.         0.         0.         0.        ]
Iteration 1, source: [0.01775238 0.01775238 0.01775238 0.         0.         0.         0.         0.         0.        ]
Iteration 2, source: [0.01484256 0.01484256 0.01484256 0.         0.         0.         0.         0.         0.        ]
Iteration 3, source: [0.01121393 0.01121393 0.01121393 0.         0.         0.         0.         0.         0.        ]
Iteration 4, source: [0.0078756 0.0078756 0.0078756 0.        0.        0.        0.        0.        0.       ]
Iteration 5, source: [0.00575595 0.00575595 0.00575595 0.         0.         0.         0.         0.         0.        ]
Step 53
Iteration 0, source: [0.01913437 0.01913437 0.01913437 0.         0.         0.         0.         0.         0.        ]
Iteration 1, source: [0.01697265 0.01697265 0.01697265 0.         0.         0.         0.         0.         0.        ]
Iteration 2, source: [0.01356189 0.01356189 0.01356189 0.         0.         0.         0.         0.         0.        ]
Iteration 3, source: [0.00985061 0.00985061 0.00985061 0.         0.         0.         0.         0.         0.        ]
Iteration 4, source: [0.00687091 0.00687091 0.00687091 0.         0.         0.         0.         0.         0.        ]
Iteration 5, source: [0.00545142 0.00545142 0.00545142 0.         0.         0.         0.         0.         0.        ]
Step 54
Iteration 0, source: [0.01913455 0.01913455 0.01913455 0.         0.         0.         0.         0.         0.        ]
Iteration 1, source: [0.01765092 0.01765092 0.01765092 0.         0.         0.         0.         0.         0.        ]
Iteration 2, source: [0.01456077 0.01456077 0.01456077 0.         0.         0.         0.         0.         0.        ]
Iteration 3, source: [0.01072347 0.01072347 0.01072347 0.         0.         0.         0.         0.         0.        ]
Iteration 4, source: [0.00720616 0.00720616 0.00720616 0.         0.         0.         0.         0.         0.        ]
Iteration 5, source: [0.00498699 0.00498699 0.00498699 0.         0.         0.         0.         0.         0.        ]
Step 55
Iteration 0, source: [0.01913476 0.01913476 0.01913476 0.         0.         0.         0.         0.         0.        ]
Iteration 1, source: [0.01697909 0.01697909 0.01697909 0.         0.         0.         0.         0.         0.        ]
Iteration 2, source: [0.01357114 0.01357114 0.01357114 0.         0.         0.         0.         0.         0.        ]
Iteration 3, source: [0.00985864 0.00985864 0.00985864 0.         0.         0.         0.         0.         0.        ]
Iteration 4, source: [0.00687401 0.00687401 0.00687401 0.         0.         0.         0.         0.         0.        ]
Iteration 5, source: [0.00544729 0.00544729 0.00544729 0.         0.         0.         0.         0.         0.        ]
Step 56
Iteration 0, source: [0.01913494 0.01913494 0.01913494 0.         0.         0.         0.         0.         0.        ]
Iteration 1, source: [0.01764522 0.01764522 0.01764522 0.         0.         0.         0.         0.         0.        ]
Iteration 2, source: [0.01455213 0.01455213 0.01455213 0.         0.         0.         0.         0.         0.        ]
Iteration 3, source: [0.01071587 0.01071587 0.01071587 0.         0.         0.         0.         0.         0.        ]
Iteration 4, source: [0.00720327 0.00720327 0.00720327 0.         0.         0.         0.         0.         0.        ]
Iteration 5, source: [0.00499118 0.00499118 0.00499118 0.         0.         0.         0.         0.         0.        ]
Step 57
Iteration 0, source: [0.01913514 0.01913514 0.01913514 0.         0.         0.         0.         0.         0.        ]
Iteration 1, source: [0.01698543 0.01698543 0.01698543 0.         0.         0.         0.         0.         0.        ]
Iteration 2, source: [0.01358023 0.01358023 0.01358023 0.         0.         0.         0.         0.         0.        ]
Iteration 3, source: [0.00986652 0.00986652 0.00986652 0.         0.         0.         0.         0.         0.        ]
Iteration 4, source: [0.00687707 0.00687707 0.00687707 0.         0.         0.         0.         0.         0.        ]
Iteration 5, source: [0.00544324 0.00544324 0.00544324 0.         0.         0.         0.         0.         0.        ]
Step 58
Iteration 0, source: [0.01913532 0.01913532 0.01913532 0.         0.         0.         0.         0.         0.        ]
Iteration 1, source: [0.01763962 0.01763962 0.01763962 0.         0.         0.         0.         0.         0.        ]
Iteration 2, source: [0.01454366 0.01454366 0.01454366 0.         0.         0.         0.         0.         0.        ]
Iteration 3, source: [0.0107084 0.0107084 0.0107084 0.        0.        0.        0.        0.        0.       ]
Iteration 4, source: [0.00720043 0.00720043 0.00720043 0.         0.         0.         0.         0.         0.        ]
Iteration 5, source: [0.0049953 0.0049953 0.0049953 0.        0.        0.        0.        0.        0.       ]
Step 59
Iteration 0, source: [0.01913553 0.01913553 0.01913553 0.         0.         0.         0.         0.         0.        ]
Iteration 1, source: [0.01699165 0.01699165 0.01699165 0.         0.         0.         0.         0.         0.        ]
Iteration 2, source: [0.01358916 0.01358916 0.01358916 0.         0.         0.         0.         0.         0.        ]
Iteration 3, source: [0.00987426 0.00987426 0.00987426 0.         0.         0.         0.         0.         0.        ]
Iteration 4, source: [0.00688007 0.00688007 0.00688007 0.         0.         0.         0.         0.         0.        ]
Iteration 5, source: [0.00543926 0.00543926 0.00543926 0.         0.         0.         0.         0.         0.        ]
Step 60
Iteration 0, source: [0.01913571 0.01913571 0.01913571 0.         0.         0.         0.         0.         0.        ]
Iteration 1, source: [0.01763414 0.01763414 0.01763414 0.         0.         0.         0.         0.         0.        ]
Iteration 2, source: [0.01453533 0.01453533 0.01453533 0.         0.         0.         0.         0.         0.        ]
Iteration 3, source: [0.01070107 0.01070107 0.01070107 0.         0.         0.         0.         0.         0.        ]
Iteration 4, source: [0.00719764 0.00719764 0.00719764 0.         0.         0.         0.         0.         0.        ]
Iteration 5, source: [0.00499935 0.00499935 0.00499935 0.         0.         0.         0.         0.         0.        ]
Step 61
Iteration 0, source: [0.01913591 0.01913591 0.01913591 0.         0.         0.         0.         0.         0.        ]
Iteration 1, source: [0.01699777 0.01699777 0.01699777 0.         0.         0.         0.         0.         0.        ]
Iteration 2, source: [0.01359793 0.01359793 0.01359793 0.         0.         0.         0.         0.         0.        ]
Iteration 3, source: [0.00988187 0.00988187 0.00988187 0.         0.         0.         0.         0.         0.        ]
Iteration 4, source: [0.00688302 0.00688302 0.00688302 0.         0.         0.         0.         0.         0.        ]
Iteration 5, source: [0.00543535 0.00543535 0.00543535 0.         0.         0.         0.         0.         0.        ]
Step 62
Iteration 0, source: [0.0191361 0.0191361 0.0191361 0.        0.        0.        0.        0.        0.       ]
Iteration 1, source: [0.01762876 0.01762876 0.01762876 0.         0.         0.         0.         0.         0.        ]
Iteration 2, source: [0.01452717 0.01452717 0.01452717 0.         0.         0.         0.         0.         0.        ]
Iteration 3, source: [0.01069387 0.01069387 0.01069387 0.         0.         0.         0.         0.         0.        ]
Iteration 4, source: [0.0071949 0.0071949 0.0071949 0.        0.        0.        0.        0.        0.       ]
Iteration 5, source: [0.00500332 0.00500332 0.00500332 0.         0.         0.         0.         0.         0.        ]
Step 63
Iteration 0, source: [0.0191363 0.0191363 0.0191363 0.        0.        0.        0.        0.        0.       ]
Iteration 1, source: [0.01700379 0.01700379 0.01700379 0.         0.         0.         0.         0.         0.        ]
Iteration 2, source: [0.01360655 0.01360655 0.01360655 0.         0.         0.         0.         0.         0.        ]
Iteration 3, source: [0.00988934 0.00988934 0.00988934 0.         0.         0.         0.         0.         0.        ]
Iteration 4, source: [0.00688592 0.00688592 0.00688592 0.         0.         0.         0.         0.         0.        ]
Iteration 5, source: [0.00543152 0.00543152 0.00543152 0.         0.         0.         0.         0.         0.        ]
Step 64
Iteration 0, source: [0.01913648 0.01913648 0.01913648 0.         0.         0.         0.         0.         0.        ]
Iteration 1, source: [0.01762348 0.01762348 0.01762348 0.         0.         0.         0.         0.         0.        ]
Iteration 2, source: [0.01451915 0.01451915 0.01451915 0.         0.         0.         0.         0.         0.        ]
Iteration 3, source: [0.01068681 0.01068681 0.01068681 0.         0.         0.         0.         0.         0.        ]
Iteration 4, source: [0.00719222 0.00719222 0.00719222 0.         0.         0.         0.         0.         0.        ]
Iteration 5, source: [0.00500722 0.00500722 0.00500722 0.         0.         0.         0.         0.         0.        ]
Step 65
Iteration 0, source: [0.01913668 0.01913668 0.01913668 0.         0.         0.         0.         0.         0.        ]
Iteration 1, source: [0.01700971 0.01700971 0.01700971 0.         0.         0.         0.         0.         0.        ]
Iteration 2, source: [0.01361502 0.01361502 0.01361502 0.         0.         0.         0.         0.         0.        ]
Iteration 3, source: [0.00989669 0.00989669 0.00989669 0.         0.         0.         0.         0.         0.        ]
Iteration 4, source: [0.00688877 0.00688877 0.00688877 0.         0.         0.         0.         0.         0.        ]
Iteration 5, source: [0.00542775 0.00542775 0.00542775 0.         0.         0.         0.         0.         0.        ]
Step 66
Iteration 0, source: [0.01913687 0.01913687 0.01913687 0.         0.         0.         0.         0.         0.        ]
Iteration 1, source: [0.0176183 0.0176183 0.0176183 0.        0.        0.        0.        0.        0.       ]
Iteration 2, source: [0.01451128 0.01451128 0.01451128 0.         0.         0.         0.         0.         0.        ]
Iteration 3, source: [0.01067987 0.01067987 0.01067987 0.         0.         0.         0.         0.         0.        ]
Iteration 4, source: [0.00718958 0.00718958 0.00718958 0.         0.         0.         0.         0.         0.        ]
Iteration 5, source: [0.00501106 0.00501106 0.00501106 0.         0.         0.         0.         0.         0.        ]
Step 67
Iteration 0, source: [0.01913707 0.01913707 0.01913707 0.         0.         0.         0.         0.         0.        ]
Iteration 1, source: [0.01701552 0.01701552 0.01701552 0.         0.         0.         0.         0.         0.        ]
Iteration 2, source: [0.01362335 0.01362335 0.01362335 0.         0.         0.         0.         0.         0.        ]
Iteration 3, source: [0.00990391 0.00990391 0.00990391 0.         0.         0.         0.         0.         0.        ]
Iteration 4, source: [0.00689156 0.00689156 0.00689156 0.         0.         0.         0.         0.         0.        ]
Iteration 5, source: [0.00542405 0.00542405 0.00542405 0.         0.         0.         0.         0.         0.        ]
Step 68
Iteration 0, source: [0.01913725 0.01913725 0.01913725 0.         0.         0.         0.         0.         0.        ]
Iteration 1, source: [0.01761321 0.01761321 0.01761321 0.         0.         0.         0.         0.         0.        ]
Iteration 2, source: [0.01450355 0.01450355 0.01450355 0.         0.         0.         0.         0.         0.        ]
Iteration 3, source: [0.01067306 0.01067306 0.01067306 0.         0.         0.         0.         0.         0.        ]
Iteration 4, source: [0.007187 0.007187 0.007187 0.       0.       0.       0.       0.       0.      ]
Iteration 5, source: [0.00501482 0.00501482 0.00501482 0.         0.         0.         0.         0.         0.        ]
Step 69
Iteration 0, source: [0.01913745 0.01913745 0.01913745 0.         0.         0.         0.         0.         0.        ]
Iteration 1, source: [0.01702124 0.01702124 0.01702124 0.         0.         0.         0.         0.         0.        ]
Iteration 2, source: [0.01363153 0.01363153 0.01363153 0.         0.         0.         0.         0.         0.        ]
Iteration 3, source: [0.009911 0.009911 0.009911 0.       0.       0.       0.       0.       0.      ]
Iteration 4, source: [0.00689431 0.00689431 0.00689431 0.         0.         0.         0.         0.         0.        ]
Iteration 5, source: [0.00542042 0.00542042 0.00542042 0.         0.         0.         0.         0.         0.        ]
Step 70
Iteration 0, source: [0.01913764 0.01913764 0.01913764 0.         0.         0.         0.         0.         0.        ]
Iteration 1, source: [0.01760823 0.01760823 0.01760823 0.         0.         0.         0.         0.         0.        ]
Iteration 2, source: [0.01449597 0.01449597 0.01449597 0.         0.         0.         0.         0.         0.        ]
Iteration 3, source: [0.01066638 0.01066638 0.01066638 0.         0.         0.         0.         0.         0.        ]
Iteration 4, source: [0.00718446 0.00718446 0.00718446 0.         0.         0.         0.         0.         0.        ]
Iteration 5, source: [0.00501852 0.00501852 0.00501852 0.         0.         0.         0.         0.         0.        ]
Step 71
Iteration 0, source: [0.01913784 0.01913784 0.01913784 0.         0.         0.         0.         0.         0.        ]
Iteration 1, source: [0.01702686 0.01702686 0.01702686 0.         0.         0.         0.         0.         0.        ]
Iteration 2, source: [0.01363957 0.01363957 0.01363957 0.         0.         0.         0.         0.         0.        ]
Iteration 3, source: [0.00991796 0.00991796 0.00991796 0.         0.         0.         0.         0.         0.        ]
Iteration 4, source: [0.00689702 0.00689702 0.00689702 0.         0.         0.         0.         0.         0.        ]
Iteration 5, source: [0.00541686 0.00541686 0.00541686 0.         0.         0.         0.         0.         0.        ]
Step 72
Iteration 0, source: [0.01913802 0.01913802 0.01913802 0.         0.         0.         0.         0.         0.        ]
Iteration 1, source: [0.01760334 0.01760334 0.01760334 0.         0.         0.         0.         0.         0.        ]
Iteration 2, source: [0.01448853 0.01448853 0.01448853 0.         0.         0.         0.         0.         0.        ]
Iteration 3, source: [0.01065982 0.01065982 0.01065982 0.         0.         0.         0.         0.         0.        ]
Iteration 4, source: [0.00718197 0.00718197 0.00718197 0.         0.         0.         0.         0.         0.        ]
Iteration 5, source: [0.00502216 0.00502216 0.00502216 0.         0.         0.         0.         0.         0.        ]
Step 73
Iteration 0, source: [0.01913823 0.01913823 0.01913823 0.         0.         0.         0.         0.         0.        ]
Iteration 1, source: [0.01703239 0.01703239 0.01703239 0.         0.         0.         0.         0.         0.        ]
Iteration 2, source: [0.01364747 0.01364747 0.01364747 0.         0.         0.         0.         0.         0.        ]
Iteration 3, source: [0.00992481 0.00992481 0.00992481 0.         0.         0.         0.         0.         0.        ]
Iteration 4, source: [0.00689967 0.00689967 0.00689967 0.         0.         0.         0.         0.         0.        ]
Iteration 5, source: [0.00541336 0.00541336 0.00541336 0.         0.         0.         0.         0.         0.        ]
Step 74
Iteration 0, source: [0.01913841 0.01913841 0.01913841 0.         0.         0.         0.         0.         0.        ]
Iteration 1, source: [0.01759855 0.01759855 0.01759855 0.         0.         0.         0.         0.         0.        ]
Iteration 2, source: [0.01448123 0.01448123 0.01448123 0.         0.         0.         0.         0.         0.        ]
Iteration 3, source: [0.01065338 0.01065338 0.01065338 0.         0.         0.         0.         0.         0.        ]
Iteration 4, source: [0.00717952 0.00717952 0.00717952 0.         0.         0.         0.         0.         0.        ]
Iteration 5, source: [0.00502573 0.00502573 0.00502573 0.         0.         0.         0.         0.         0.        ]
Step 75
Iteration 0, source: [0.01913861 0.01913861 0.01913861 0.         0.         0.         0.         0.         0.        ]
Iteration 1, source: [0.01703782 0.01703782 0.01703782 0.         0.         0.         0.         0.         0.        ]
Iteration 2, source: [0.01365523 0.01365523 0.01365523 0.         0.         0.         0.         0.         0.        ]
Iteration 3, source: [0.00993153 0.00993153 0.00993153 0.         0.         0.         0.         0.         0.        ]
Iteration 4, source: [0.00690228 0.00690228 0.00690228 0.         0.         0.         0.         0.         0.        ]
Iteration 5, source: [0.00540992 0.00540992 0.00540992 0.         0.         0.         0.         0.         0.        ]
Step 76
Iteration 0, source: [0.0191388 0.0191388 0.0191388 0.        0.        0.        0.        0.        0.       ]
Iteration 1, source: [0.01759384 0.01759384 0.01759384 0.         0.         0.         0.         0.         0.        ]
Iteration 2, source: [0.01447406 0.01447406 0.01447406 0.         0.         0.         0.         0.         0.        ]
Iteration 3, source: [0.01064706 0.01064706 0.01064706 0.         0.         0.         0.         0.         0.        ]
Iteration 4, source: [0.00717712 0.00717712 0.00717712 0.         0.         0.         0.         0.         0.        ]
Iteration 5, source: [0.00502924 0.00502924 0.00502924 0.         0.         0.         0.         0.         0.        ]
Step 77
Iteration 0, source: [0.019139 0.019139 0.019139 0.       0.       0.       0.       0.       0.      ]
Iteration 1, source: [0.01704317 0.01704317 0.01704317 0.         0.         0.         0.         0.         0.        ]
Iteration 2, source: [0.01366286 0.01366286 0.01366286 0.         0.         0.         0.         0.         0.        ]
Iteration 3, source: [0.00993814 0.00993814 0.00993814 0.         0.         0.         0.         0.         0.        ]
Iteration 4, source: [0.00690485 0.00690485 0.00690485 0.         0.         0.         0.         0.         0.        ]
Iteration 5, source: [0.00540655 0.00540655 0.00540655 0.         0.         0.         0.         0.         0.        ]
Step 78
Iteration 0, source: [0.01913918 0.01913918 0.01913918 0.         0.         0.         0.         0.         0.        ]
Iteration 1, source: [0.01758923 0.01758923 0.01758923 0.         0.         0.         0.         0.         0.        ]
Iteration 2, source: [0.01446703 0.01446703 0.01446703 0.         0.         0.         0.         0.         0.        ]
Iteration 3, source: [0.01064085 0.01064085 0.01064085 0.         0.         0.         0.         0.         0.        ]
Iteration 4, source: [0.00717476 0.00717476 0.00717476 0.         0.         0.         0.         0.         0.        ]
Iteration 5, source: [0.00503268 0.00503268 0.00503268 0.         0.         0.         0.         0.         0.        ]
Step 79
Iteration 0, source: [0.01913938 0.01913938 0.01913938 0.         0.         0.         0.         0.         0.        ]
Iteration 1, source: [0.01704842 0.01704842 0.01704842 0.         0.         0.         0.         0.         0.        ]
Iteration 2, source: [0.01367036 0.01367036 0.01367036 0.         0.         0.         0.         0.         0.        ]
Iteration 3, source: [0.00994464 0.00994464 0.00994464 0.         0.         0.         0.         0.         0.        ]
Iteration 4, source: [0.00690737 0.00690737 0.00690737 0.         0.         0.         0.         0.         0.        ]
Iteration 5, source: [0.00540323 0.00540323 0.00540323 0.         0.         0.         0.         0.         0.        ]
Step 80
Iteration 0, source: [0.01913957 0.01913957 0.01913957 0.         0.         0.         0.         0.         0.        ]
Iteration 1, source: [0.01758471 0.01758471 0.01758471 0.         0.         0.         0.         0.         0.        ]
Iteration 2, source: [0.01446012 0.01446012 0.01446012 0.         0.         0.         0.         0.         0.        ]
Iteration 3, source: [0.01063476 0.01063476 0.01063476 0.         0.         0.         0.         0.         0.        ]
Iteration 4, source: [0.00717245 0.00717245 0.00717245 0.         0.         0.         0.         0.         0.        ]
Iteration 5, source: [0.00503607 0.00503607 0.00503607 0.         0.         0.         0.         0.         0.        ]
Step 81
Iteration 0, source: [0.01913977 0.01913977 0.01913977 0.         0.         0.         0.         0.         0.        ]
Iteration 1, source: [0.01705359 0.01705359 0.01705359 0.         0.         0.         0.         0.         0.        ]
Iteration 2, source: [0.01367773 0.01367773 0.01367773 0.         0.         0.         0.         0.         0.        ]
Iteration 3, source: [0.00995102 0.00995102 0.00995102 0.         0.         0.         0.         0.         0.        ]
Iteration 4, source: [0.00690985 0.00690985 0.00690985 0.         0.         0.         0.         0.         0.        ]
Iteration 5, source: [0.00539998 0.00539998 0.00539998 0.         0.         0.         0.         0.         0.        ]
Step 82
Iteration 0, source: [0.01913995 0.01913995 0.01913995 0.         0.         0.         0.         0.         0.        ]
Iteration 1, source: [0.01758027 0.01758027 0.01758027 0.         0.         0.         0.         0.         0.        ]
Iteration 2, source: [0.01445335 0.01445335 0.01445335 0.         0.         0.         0.         0.         0.        ]
Iteration 3, source: [0.01062878 0.01062878 0.01062878 0.         0.         0.         0.         0.         0.        ]
Iteration 4, source: [0.00717018 0.00717018 0.00717018 0.         0.         0.         0.         0.         0.        ]
Iteration 5, source: [0.00503939 0.00503939 0.00503939 0.         0.         0.         0.         0.         0.        ]
Step 83
Iteration 0, source: [0.01914015 0.01914015 0.01914015 0.         0.         0.         0.         0.         0.        ]
Iteration 1, source: [0.01705867 0.01705867 0.01705867 0.         0.         0.         0.         0.         0.        ]
Iteration 2, source: [0.01368497 0.01368497 0.01368497 0.         0.         0.         0.         0.         0.        ]
Iteration 3, source: [0.00995728 0.00995728 0.00995728 0.         0.         0.         0.         0.         0.        ]
Iteration 4, source: [0.00691228 0.00691228 0.00691228 0.         0.         0.         0.         0.         0.        ]
Iteration 5, source: [0.00539679 0.00539679 0.00539679 0.         0.         0.         0.         0.         0.        ]
Step 84
Iteration 0, source: [0.01914034 0.01914034 0.01914034 0.         0.         0.         0.         0.         0.        ]
Iteration 1, source: [0.01757592 0.01757592 0.01757592 0.         0.         0.         0.         0.         0.        ]
Iteration 2, source: [0.0144467 0.0144467 0.0144467 0.        0.        0.        0.        0.        0.       ]
Iteration 3, source: [0.01062291 0.01062291 0.01062291 0.         0.         0.         0.         0.         0.        ]
Iteration 4, source: [0.00716796 0.00716796 0.00716796 0.         0.         0.         0.         0.         0.        ]
Iteration 5, source: [0.00504266 0.00504266 0.00504266 0.         0.         0.         0.         0.         0.        ]
Step 85
Iteration 0, source: [0.01914054 0.01914054 0.01914054 0.         0.         0.         0.         0.         0.        ]
Iteration 1, source: [0.01706366 0.01706366 0.01706366 0.         0.         0.         0.         0.         0.        ]
Iteration 2, source: [0.01369208 0.01369208 0.01369208 0.         0.         0.         0.         0.         0.        ]
Iteration 3, source: [0.00996344 0.00996344 0.00996344 0.         0.         0.         0.         0.         0.        ]
Iteration 4, source: [0.00691468 0.00691468 0.00691468 0.         0.         0.         0.         0.         0.        ]
Iteration 5, source: [0.00539365 0.00539365 0.00539365 0.         0.         0.         0.         0.         0.        ]
Step 86
Iteration 0, source: [0.01914073 0.01914073 0.01914073 0.         0.         0.         0.         0.         0.        ]
Iteration 1, source: [0.01757165 0.01757165 0.01757165 0.         0.         0.         0.         0.         0.        ]
Iteration 2, source: [0.01444017 0.01444017 0.01444017 0.         0.         0.         0.         0.         0.        ]
Iteration 3, source: [0.01061715 0.01061715 0.01061715 0.         0.         0.         0.         0.         0.        ]
Iteration 4, source: [0.00716577 0.00716577 0.00716577 0.         0.         0.         0.         0.         0.        ]
Iteration 5, source: [0.00504587 0.00504587 0.00504587 0.         0.         0.         0.         0.         0.        ]
Step 87
Iteration 0, source: [0.01914093 0.01914093 0.01914093 0.         0.         0.         0.         0.         0.        ]
Iteration 1, source: [0.01706857 0.01706857 0.01706857 0.         0.         0.         0.         0.         0.        ]
Iteration 2, source: [0.01369908 0.01369908 0.01369908 0.         0.         0.         0.         0.         0.        ]
Iteration 3, source: [0.0099695 0.0099695 0.0099695 0.        0.        0.        0.        0.        0.       ]
Iteration 4, source: [0.00691703 0.00691703 0.00691703 0.         0.         0.         0.         0.         0.        ]
Iteration 5, source: [0.00539057 0.00539057 0.00539057 0.         0.         0.         0.         0.         0.        ]
Step 88
Iteration 0, source: [0.01914111 0.01914111 0.01914111 0.         0.         0.         0.         0.         0.        ]
Iteration 1, source: [0.01756747 0.01756747 0.01756747 0.         0.         0.         0.         0.         0.        ]
Iteration 2, source: [0.01443377 0.01443377 0.01443377 0.         0.         0.         0.         0.         0.        ]
Iteration 3, source: [0.0106115 0.0106115 0.0106115 0.        0.        0.        0.        0.        0.       ]
Iteration 4, source: [0.00716363 0.00716363 0.00716363 0.         0.         0.         0.         0.         0.        ]
Iteration 5, source: [0.00504902 0.00504902 0.00504902 0.         0.         0.         0.         0.         0.        ]
Step 89
Iteration 0, source: [0.01914131 0.01914131 0.01914131 0.         0.         0.         0.         0.         0.        ]
Iteration 1, source: [0.0170734 0.0170734 0.0170734 0.        0.        0.        0.        0.        0.       ]
Iteration 2, source: [0.01370595 0.01370595 0.01370595 0.         0.         0.         0.         0.         0.        ]
Iteration 3, source: [0.00997545 0.00997545 0.00997545 0.         0.         0.         0.         0.         0.        ]
Iteration 4, source: [0.00691934 0.00691934 0.00691934 0.         0.         0.         0.         0.         0.        ]
Iteration 5, source: [0.00538755 0.00538755 0.00538755 0.         0.         0.         0.         0.         0.        ]
Step 90
Iteration 0, source: [0.0191415 0.0191415 0.0191415 0.        0.        0.        0.        0.        0.       ]
Iteration 1, source: [0.01756336 0.01756336 0.01756336 0.         0.         0.         0.         0.         0.        ]
Iteration 2, source: [0.01442748 0.01442748 0.01442748 0.         0.         0.         0.         0.         0.        ]
Iteration 3, source: [0.01060595 0.01060595 0.01060595 0.         0.         0.         0.         0.         0.        ]
Iteration 4, source: [0.00716152 0.00716152 0.00716152 0.         0.         0.         0.         0.         0.        ]
Iteration 5, source: [0.00505212 0.00505212 0.00505212 0.         0.         0.         0.         0.         0.        ]
Step 91
Iteration 0, source: [0.0191417 0.0191417 0.0191417 0.        0.        0.        0.        0.        0.       ]
Iteration 1, source: [0.01707815 0.01707815 0.01707815 0.         0.         0.         0.         0.         0.        ]
Iteration 2, source: [0.01371271 0.01371271 0.01371271 0.         0.         0.         0.         0.         0.        ]
Iteration 3, source: [0.00998129 0.00998129 0.00998129 0.         0.         0.         0.         0.         0.        ]
Iteration 4, source: [0.00692161 0.00692161 0.00692161 0.         0.         0.         0.         0.         0.        ]
Iteration 5, source: [0.00538458 0.00538458 0.00538458 0.         0.         0.         0.         0.         0.        ]
Step 92
Iteration 0, source: [0.01914188 0.01914188 0.01914188 0.         0.         0.         0.         0.         0.        ]
Iteration 1, source: [0.01755934 0.01755934 0.01755934 0.         0.         0.         0.         0.         0.        ]
Iteration 2, source: [0.01442131 0.01442131 0.01442131 0.         0.         0.         0.         0.         0.        ]
Iteration 3, source: [0.0106005 0.0106005 0.0106005 0.        0.        0.        0.        0.        0.       ]
Iteration 4, source: [0.00715946 0.00715946 0.00715946 0.         0.         0.         0.         0.         0.        ]
Iteration 5, source: [0.00505516 0.00505516 0.00505516 0.         0.         0.         0.         0.         0.        ]
Step 93
Iteration 0, source: [0.01914208 0.01914208 0.01914208 0.         0.         0.         0.         0.         0.        ]
Iteration 1, source: [0.01708283 0.01708283 0.01708283 0.         0.         0.         0.         0.         0.        ]
Iteration 2, source: [0.01371935 0.01371935 0.01371935 0.         0.         0.         0.         0.         0.        ]
Iteration 3, source: [0.00998703 0.00998703 0.00998703 0.         0.         0.         0.         0.         0.        ]
Iteration 4, source: [0.00692385 0.00692385 0.00692385 0.         0.         0.         0.         0.         0.        ]
Iteration 5, source: [0.00538167 0.00538167 0.00538167 0.         0.         0.         0.         0.         0.        ]
Step 94
Iteration 0, source: [0.01914227 0.01914227 0.01914227 0.         0.         0.         0.         0.         0.        ]
Iteration 1, source: [0.01755539 0.01755539 0.01755539 0.         0.         0.         0.         0.         0.        ]
Iteration 2, source: [0.01441526 0.01441526 0.01441526 0.         0.         0.         0.         0.         0.        ]
Iteration 3, source: [0.01059515 0.01059515 0.01059515 0.         0.         0.         0.         0.         0.        ]
Iteration 4, source: [0.00715743 0.00715743 0.00715743 0.         0.         0.         0.         0.         0.        ]
Iteration 5, source: [0.00505815 0.00505815 0.00505815 0.         0.         0.         0.         0.         0.        ]
Step 95
Iteration 0, source: [0.01914247 0.01914247 0.01914247 0.         0.         0.         0.         0.         0.        ]
Iteration 1, source: [0.01708742 0.01708742 0.01708742 0.         0.         0.         0.         0.         0.        ]
Iteration 2, source: [0.01372587 0.01372587 0.01372587 0.         0.         0.         0.         0.         0.        ]
Iteration 3, source: [0.00999268 0.00999268 0.00999268 0.         0.         0.         0.         0.         0.        ]
Iteration 4, source: [0.00692604 0.00692604 0.00692604 0.         0.         0.         0.         0.         0.        ]
Iteration 5, source: [0.00537881 0.00537881 0.00537881 0.         0.         0.         0.         0.         0.        ]
Step 96
Iteration 0, source: [0.01914265 0.01914265 0.01914265 0.         0.         0.         0.         0.         0.        ]
Iteration 1, source: [0.01755152 0.01755152 0.01755152 0.         0.         0.         0.         0.         0.        ]
Iteration 2, source: [0.01440932 0.01440932 0.01440932 0.         0.         0.         0.         0.         0.        ]
Iteration 3, source: [0.0105899 0.0105899 0.0105899 0.        0.        0.        0.        0.        0.       ]
Iteration 4, source: [0.00715545 0.00715545 0.00715545 0.         0.         0.         0.         0.         0.        ]
Iteration 5, source: [0.00506109 0.00506109 0.00506109 0.         0.         0.         0.         0.         0.        ]
Step 97
Iteration 0, source: [0.01914285 0.01914285 0.01914285 0.         0.         0.         0.         0.         0.        ]
Iteration 1, source: [0.01709194 0.01709194 0.01709194 0.         0.         0.         0.         0.         0.        ]
Iteration 2, source: [0.01373228 0.01373228 0.01373228 0.         0.         0.         0.         0.         0.        ]
Iteration 3, source: [0.00999822 0.00999822 0.00999822 0.         0.         0.         0.         0.         0.        ]
Iteration 4, source: [0.0069282 0.0069282 0.0069282 0.        0.        0.        0.        0.        0.       ]
Iteration 5, source: [0.005376 0.005376 0.005376 0.       0.       0.       0.       0.       0.      ]
Step 98
Iteration 0, source: [0.01914304 0.01914304 0.01914304 0.         0.         0.         0.         0.         0.        ]
Iteration 1, source: [0.01754773 0.01754773 0.01754773 0.         0.         0.         0.         0.         0.        ]
Iteration 2, source: [0.01440349 0.01440349 0.01440349 0.         0.         0.         0.         0.         0.        ]
Iteration 3, source: [0.01058475 0.01058475 0.01058475 0.         0.         0.         0.         0.         0.        ]
Iteration 4, source: [0.00715349 0.00715349 0.00715349 0.         0.         0.         0.         0.         0.        ]
Iteration 5, source: [0.00506397 0.00506397 0.00506397 0.         0.         0.         0.         0.         0.        ]
Step 99
Iteration 0, source: [0.01914324 0.01914324 0.01914324 0.         0.         0.         0.         0.         0.        ]
Iteration 1, source: [0.01709638 0.01709638 0.01709638 0.         0.         0.         0.         0.         0.        ]
Iteration 2, source: [0.01373859 0.01373859 0.01373859 0.         0.         0.         0.         0.         0.        ]
Iteration 3, source: [0.01000367 0.01000367 0.01000367 0.         0.         0.         0.         0.         0.        ]
Iteration 4, source: [0.00693032 0.00693032 0.00693032 0.         0.         0.         0.         0.         0.        ]
Iteration 5, source: [0.00537324 0.00537324 0.00537324 0.         0.         0.         0.         0.         0.        ]
